-237.0,-10.0,58.0,68.0,
-74.0,-7.0,52.0,69.0,
-19.0,-15.0,58.0,55.0,
109.0,-1.0,72.0,74.0,
-186.0,-15.0,59.0,76.0,
1.0,7.0,59.0,58.0,
-29.0,4.0,64.0,83.0,
-114.0,6.0,81.0,60.0,
67.0,-3.0,54.0,54.0,
64.0,-26.0,76.0,57.0,
135.0,1.0,76.0,80.0,
-104.0,14.0,47.0,68.0,
57.0,17.0,70.0,84.0,
-90.0,-14.0,75.0,64.0,
27.0,24.0,47.0,60.0,
238.0,-5.0,83.0,53.0,
198.0,3.0,78.0,75.0,
-195.0,15.0,75.0,75.0,
-73.0,10.0,43.0,90.0,
-52.0,5.0,72.0,57.0,
192.0,-13.0,68.0,74.0,
-116.0,-1.0,62.0,83.0,
-22.0,-4.0,63.0,64.0,
-34.0,-9.0,65.0,70.0,
42.0,-8.0,59.0,82.0,
215.0,19.0,75.0,61.0,
-18.0,-9.0,67.0,88.0,
-38.0,7.0,84.0,66.0,
208.0,2.0,68.0,81.0,
9.0,14.0,54.0,62.0,
293.0,-9.0,75.0,62.0,
-109.0,-6.0,81.0,67.0,
134.0,20.0,51.0,64.0,
73.0,11.0,66.0,73.0,
-102.0,13.0,65.0,74.0,
-79.0,6.0,67.0,75.0,
-123.0,-8.0,61.0,53.0,
60.0,3.0,73.0,61.0,
-211.0,5.0,75.0,71.0,
-35.0,-5.0,47.0,88.0,
-105.0,1.0,64.0,78.0,
125.0,11.0,71.0,65.0,
53.0,4.0,83.0,52.0,
134.0,7.0,61.0,84.0,
95.0,3.0,58.0,77.0,
52.0,0.0,75.0,68.0,
-121.0,14.0,62.0,56.0,
107.0,-10.0,68.0,69.0,
-46.0,3.0,60.0,94.0,
-88.0,2.0,69.0,78.0,
-136.0,8.0,45.0,73.0,
5.0,12.0,88.0,76.0,
-227.0,10.0,53.0,76.0,
49.0,-12.0,75.0,76.0,
148.0,-17.0,69.0,57.0,
19.0,-4.0,72.0,66.0,
-71.0,-6.0,65.0,68.0,
103.0,-8.0,94.0,67.0,
91.0,-3.0,81.0,66.0,
131.0,3.0,69.0,73.0,
28.0,28.0,68.0,67.0,
93.0,1.0,56.0,63.0,
-108.0,12.0,78.0,66.0,
160.0,11.0,82.0,69.0,
54.0,11.0,77.0,80.0,
58.0,-18.0,78.0,76.0,
147.0,20.0,83.0,70.0,
-109.0,9.0,59.0,64.0,
-103.0,4.0,49.0,106.0,
-54.0,9.0,82.0,63.0,
135.0,0.0,79.0,71.0,
37.0,8.0,59.0,70.0,
128.0,8.0,53.0,65.0,
39.0,5.0,64.0,76.0,
-84.0,4.0,67.0,63.0,
-172.0,7.0,63.0,64.0,
-49.0,6.0,66.0,71.0,
-21.0,10.0,74.0,65.0,
85.0,15.0,59.0,63.0,
-28.0,-7.0,61.0,82.0,
-18.0,2.0,46.0,83.0,
-87.0,0.0,62.0,62.0,
171.0,6.0,82.0,92.0,
-38.0,-1.0,78.0,65.0,
45.0,-11.0,82.0,63.0,
57.0,7.0,55.0,78.0,
-42.0,13.0,76.0,56.0,
-53.0,-3.0,56.0,86.0,
62.0,-3.0,71.0,65.0,
173.0,-1.0,68.0,91.0,
-254.0,1.0,71.0,75.0,
-167.0,0.0,73.0,70.0,
102.0,11.0,70.0,79.0,
-222.0,-20.0,72.0,71.0,
154.0,21.0,62.0,73.0,
-128.0,4.0,87.0,90.0,
41.0,-2.0,71.0,91.0,
-16.0,20.0,64.0,66.0,
-42.0,8.0,56.0,77.0,
93.0,8.0,69.0,65.0,
179.0,12.0,72.0,73.0,
74.0,-3.0,69.0,73.0,
-65.0,8.0,77.0,71.0,
-83.0,0.0,62.0,64.0,
99.0,-7.0,72.0,78.0,
-91.0,-1.0,71.0,59.0,
26.0,-12.0,70.0,84.0,
-50.0,1.0,75.0,74.0,
132.0,17.0,64.0,72.0,
-30.0,35.0,72.0,59.0,
18.0,1.0,59.0,77.0,
-105.0,12.0,50.0,83.0,
-135.0,-2.0,55.0,86.0,
84.0,21.0,75.0,73.0,
205.0,15.0,58.0,79.0,
119.0,-14.0,78.0,66.0,
-93.0,5.0,52.0,63.0,
57.0,-8.0,68.0,77.0,
19.0,-1.0,61.0,87.0,
77.0,3.0,63.0,82.0,
-38.0,-14.0,64.0,53.0,
-18.0,6.0,59.0,67.0,
-7.0,-3.0,66.0,66.0,
37.0,16.0,93.0,69.0,
277.0,-3.0,86.0,72.0,
-156.0,-5.0,75.0,63.0,
8.0,-5.0,50.0,64.0,
128.0,1.0,79.0,49.0,
147.0,4.0,70.0,58.0,
30.0,-2.0,79.0,78.0,
-226.0,-2.0,58.0,60.0,
112.0,8.0,84.0,61.0,
-7.0,7.0,53.0,68.0,
57.0,-11.0,67.0,69.0,
115.0,15.0,59.0,71.0,
154.0,27.0,73.0,69.0,
18.0,0.0,84.0,62.0,
90.0,4.0,28.0,66.0,
95.0,14.0,64.0,65.0,
-64.0,-2.0,83.0,88.0,
-101.0,-12.0,87.0,82.0,
136.0,8.0,73.0,85.0,
176.0,3.0,67.0,71.0,
132.0,7.0,49.0,75.0,
-53.0,7.0,77.0,57.0,
12.0,24.0,64.0,53.0,
-69.0,2.0,69.0,48.0,
40.0,8.0,54.0,74.0,
113.0,0.0,79.0,61.0,
25.0,-2.0,59.0,83.0,
-143.0,13.0,58.0,75.0,
90.0,16.0,83.0,97.0,
73.0,24.0,84.0,89.0,
171.0,27.0,66.0,51.0,
-115.0,22.0,70.0,53.0,
-38.0,-2.0,50.0,70.0,
-90.0,7.0,71.0,69.0,
9.0,0.0,77.0,71.0,
9.0,0.0,78.0,61.0,
70.0,12.0,62.0,51.0,
26.0,11.0,57.0,65.0,
58.0,0.0,54.0,88.0,
-73.0,11.0,81.0,75.0,
114.0,-2.0,72.0,80.0,
-28.0,-9.0,92.0,62.0,
81.0,-6.0,68.0,63.0,
-234.0,-2.0,72.0,63.0,
-21.0,15.0,66.0,93.0,
-72.0,15.0,63.0,64.0,
184.0,4.0,62.0,76.0,
202.0,10.0,78.0,73.0,
-18.0,10.0,49.0,44.0,
-74.0,-4.0,81.0,75.0,
-163.0,1.0,76.0,63.0,
181.0,7.0,82.0,82.0,
75.0,-9.0,71.0,73.0,
-90.0,11.0,58.0,90.0,
106.0,-8.0,48.0,81.0,
-63.0,-9.0,65.0,34.0,
75.0,-1.0,72.0,64.0,
62.0,0.0,69.0,69.0,
67.0,12.0,67.0,71.0,
-1.0,5.0,78.0,69.0,
202.0,-22.0,74.0,84.0,
-148.0,5.0,74.0,51.0,
60.0,-6.0,83.0,44.0,
-110.0,-10.0,90.0,104.0,
-90.0,19.0,42.0,61.0,
67.0,-14.0,85.0,47.0,
71.0,2.0,45.0,67.0,
36.0,3.0,59.0,66.0,
-11.0,7.0,69.0,62.0,
111.0,-1.0,66.0,65.0,
-104.0,-6.0,69.0,82.0,
-196.0,25.0,85.0,76.0,
78.0,0.0,53.0,50.0,
-100.0,-24.0,79.0,70.0,
-149.0,14.0,76.0,47.0,
67.0,-4.0,53.0,82.0,
102.0,2.0,62.0,62.0,
70.0,1.0,59.0,80.0,
-82.0,17.0,65.0,74.0,
121.0,0.0,82.0,72.0,
-131.0,-5.0,76.0,83.0,
253.0,11.0,70.0,63.0,
-151.0,18.0,74.0,45.0,
-52.0,2.0,64.0,52.0,
-86.0,2.0,58.0,72.0,
116.0,27.0,68.0,80.0,
-81.0,9.0,70.0,78.0,
222.0,20.0,66.0,81.0,
-60.0,12.0,54.0,67.0,
0.0,15.0,67.0,79.0,
33.0,-10.0,59.0,44.0,
-46.0,-14.0,68.0,86.0,
76.0,4.0,82.0,68.0,
188.0,-3.0,81.0,55.0,
-76.0,13.0,49.0,43.0,
71.0,-15.0,71.0,74.0,
-152.0,-9.0,52.0,61.0,
-99.0,12.0,50.0,73.0,
54.0,10.0,75.0,66.0,
-1.0,19.0,66.0,64.0,
29.0,-6.0,79.0,81.0,
-110.0,10.0,68.0,75.0,
45.0,17.0,75.0,73.0,
47.0,0.0,58.0,63.0,
-11.0,26.0,73.0,59.0,
-30.0,9.0,82.0,76.0,
74.0,5.0,60.0,67.0,
137.0,4.0,59.0,87.0,
-140.0,11.0,60.0,75.0,
9.0,3.0,84.0,67.0,
-109.0,-24.0,79.0,80.0,
89.0,15.0,71.0,53.0,
-76.0,-17.0,73.0,76.0,
-80.0,8.0,56.0,61.0,
20.0,19.0,46.0,67.0,
-191.0,10.0,58.0,75.0,
154.0,-5.0,72.0,74.0,
-54.0,11.0,58.0,77.0,
-65.0,3.0,48.0,73.0,
103.0,14.0,50.0,57.0,
-149.0,-15.0,61.0,73.0,
-31.0,14.0,76.0,66.0,
7.0,-6.0,66.0,56.0,
103.0,14.0,57.0,72.0,
-50.0,13.0,76.0,75.0,
-80.0,10.0,80.0,83.0,
27.0,6.0,58.0,88.0,
69.0,21.0,52.0,81.0,
0.0,18.0,55.0,71.0,
-259.0,1.0,75.0,72.0,
-246.0,-1.0,74.0,67.0,
20.0,23.0,66.0,77.0,
89.0,34.0,66.0,66.0,
-55.0,-9.0,80.0,72.0,
-183.0,17.0,78.0,63.0,
186.0,0.0,53.0,82.0,
251.0,-1.0,53.0,74.0,
-180.0,-1.0,70.0,79.0,
153.0,26.0,42.0,79.0,
-28.0,3.0,44.0,75.0,
-39.0,7.0,62.0,88.0,
73.0,-13.0,83.0,99.0,
-100.0,-19.0,78.0,88.0,
-46.0,0.0,58.0,76.0,
-33.0,-9.0,75.0,60.0,
202.0,16.0,77.0,92.0,
-36.0,-4.0,56.0,76.0,
10.0,-5.0,81.0,76.0,
-87.0,9.0,75.0,74.0,
0.0,-25.0,77.0,82.0,
187.0,-2.0,77.0,63.0,
5.0,18.0,61.0,60.0,
79.0,7.0,60.0,76.0,
-69.0,1.0,68.0,71.0,
17.0,16.0,60.0,75.0,
-105.0,-2.0,47.0,67.0,
-4.0,8.0,62.0,55.0,
89.0,12.0,60.0,67.0,
32.0,0.0,58.0,56.0,
-171.0,-9.0,64.0,69.0,
-39.0,-11.0,64.0,73.0,
-251.0,8.0,54.0,80.0,
214.0,31.0,52.0,85.0,
165.0,0.0,80.0,56.0,
80.0,16.0,72.0,94.0,
45.0,-13.0,60.0,95.0,
-16.0,23.0,61.0,79.0,
-101.0,7.0,80.0,66.0,
-212.0,7.0,77.0,67.0,
192.0,-11.0,62.0,89.0,
-38.0,2.0,77.0,68.0,
-115.0,-17.0,55.0,69.0,
-112.0,-4.0,33.0,71.0,
103.0,-3.0,62.0,68.0,
-89.0,15.0,58.0,85.0,
-110.0,-5.0,79.0,65.0,
180.0,6.0,65.0,72.0,
-175.0,-4.0,77.0,78.0,
138.0,18.0,61.0,72.0,
118.0,-6.0,63.0,84.0,
-77.0,-11.0,68.0,83.0,
54.0,18.0,59.0,94.0,
59.0,16.0,65.0,61.0,
67.0,-27.0,57.0,69.0,
-95.0,-2.0,73.0,83.0,
22.0,9.0,49.0,60.0,
-38.0,3.0,65.0,85.0,
19.0,3.0,46.0,75.0,
-7.0,3.0,64.0,64.0,
-24.0,2.0,66.0,72.0,
-49.0,39.0,60.0,74.0,
-115.0,18.0,63.0,91.0,
112.0,16.0,63.0,66.0,
-28.0,-9.0,68.0,86.0,
62.0,10.0,64.0,43.0,
-138.0,-13.0,56.0,72.0,
122.0,8.0,61.0,81.0,
75.0,1.0,67.0,78.0,
-3.0,8.0,86.0,76.0,
-52.0,29.0,62.0,44.0,
-12.0,-17.0,73.0,58.0,
35.0,21.0,55.0,75.0,
-42.0,9.0,85.0,83.0,
-97.0,22.0,62.0,60.0,
-103.0,1.0,64.0,60.0,
-224.0,2.0,53.0,64.0,
-27.0,3.0,77.0,70.0,
-153.0,19.0,84.0,77.0,
59.0,-12.0,66.0,65.0,
133.0,15.0,68.0,84.0,
63.0,-14.0,82.0,53.0,
3.0,4.0,67.0,33.0,
-64.0,21.0,65.0,64.0,
36.0,-1.0,69.0,57.0,
171.0,16.0,59.0,57.0,
-129.0,9.0,89.0,58.0,
26.0,30.0,59.0,64.0,
-121.0,14.0,57.0,70.0,
283.0,0.0,75.0,63.0,
7.0,25.0,78.0,62.0,
-129.0,-2.0,67.0,67.0,
-126.0,8.0,65.0,74.0,
20.0,9.0,53.0,79.0,
34.0,-5.0,67.0,86.0,
-59.0,5.0,54.0,77.0,
177.0,-7.0,54.0,54.0,
-64.0,14.0,45.0,80.0,
-262.0,21.0,39.0,76.0,
155.0,0.0,63.0,74.0,
61.0,-1.0,63.0,94.0,
109.0,9.0,73.0,55.0,
91.0,7.0,57.0,67.0,
-123.0,-15.0,77.0,84.0,
-37.0,0.0,71.0,80.0,
-55.0,20.0,57.0,76.0,
-156.0,17.0,63.0,77.0,
37.0,24.0,81.0,95.0,
-168.0,20.0,71.0,85.0,
-74.0,-10.0,71.0,70.0,
85.0,-7.0,65.0,71.0,
31.0,-8.0,91.0,56.0,
87.0,-3.0,68.0,71.0,
70.0,9.0,75.0,84.0,
-55.0,13.0,74.0,63.0,
-153.0,-12.0,65.0,51.0,
-335.0,3.0,64.0,70.0,
105.0,-13.0,71.0,62.0,
-164.0,-12.0,68.0,74.0,
-96.0,25.0,60.0,81.0,
-165.0,10.0,75.0,70.0,
20.0,13.0,62.0,84.0,
223.0,-2.0,54.0,59.0,
-123.0,1.0,67.0,65.0,
-6.0,-2.0,76.0,62.0,
-117.0,0.0,68.0,73.0,
-64.0,-3.0,83.0,88.0,
32.0,3.0,76.0,64.0,
-70.0,1.0,61.0,83.0,
87.0,2.0,70.0,89.0,
19.0,-7.0,67.0,80.0,
175.0,-3.0,77.0,68.0,
83.0,5.0,72.0,58.0,
98.0,5.0,71.0,74.0,
65.0,13.0,87.0,69.0,
17.0,-2.0,88.0,68.0,
25.0,-2.0,63.0,68.0,
-282.0,17.0,59.0,47.0,
-118.0,25.0,60.0,79.0,
295.0,-1.0,72.0,70.0,
76.0,14.0,54.0,74.0,
52.0,-6.0,83.0,78.0,
-83.0,-7.0,83.0,55.0,
85.0,9.0,70.0,66.0,
-190.0,12.0,67.0,79.0,
-32.0,18.0,65.0,71.0,
24.0,13.0,76.0,56.0,
-58.0,-5.0,73.0,87.0,
73.0,16.0,75.0,56.0,
-18.0,7.0,69.0,94.0,
64.0,-8.0,70.0,83.0,
25.0,-5.0,85.0,72.0,
-40.0,39.0,65.0,74.0,
186.0,-6.0,87.0,70.0,
-158.0,-13.0,59.0,61.0,
202.0,13.0,74.0,74.0,
91.0,6.0,80.0,52.0,
-17.0,15.0,71.0,55.0,
-114.0,14.0,62.0,49.0,
-110.0,20.0,64.0,81.0,
-33.0,-12.0,80.0,71.0,
-50.0,4.0,72.0,67.0,
23.0,-16.0,63.0,72.0,
179.0,-6.0,64.0,66.0,
-146.0,12.0,33.0,82.0,
-96.0,0.0,63.0,75.0,
-188.0,26.0,72.0,73.0,
-42.0,0.0,74.0,70.0,
-11.0,8.0,82.0,94.0,
-124.0,2.0,35.0,90.0,
-144.0,-2.0,68.0,57.0,
-20.0,1.0,84.0,84.0,
-1.0,-9.0,75.0,63.0,
4.0,-1.0,63.0,94.0,
-153.0,8.0,59.0,62.0,
155.0,20.0,73.0,64.0,
118.0,15.0,94.0,61.0,
-50.0,10.0,75.0,75.0,
-84.0,28.0,78.0,78.0,
-84.0,-10.0,75.0,77.0,
-187.0,-1.0,49.0,61.0,
17.0,1.0,75.0,76.0,
-21.0,8.0,71.0,78.0,
-179.0,26.0,74.0,90.0,
42.0,4.0,76.0,80.0,
-33.0,15.0,74.0,49.0,
91.0,25.0,58.0,75.0,
-153.0,3.0,72.0,45.0,
127.0,-1.0,74.0,63.0,
-63.0,10.0,46.0,52.0,
-12.0,-16.0,71.0,87.0,
-172.0,-6.0,48.0,90.0,
-57.0,5.0,63.0,73.0,
-13.0,0.0,75.0,46.0,
-53.0,16.0,59.0,81.0,
115.0,0.0,62.0,64.0,
-178.0,-25.0,68.0,58.0,
258.0,-20.0,71.0,67.0,
106.0,-6.0,55.0,71.0,
22.0,-2.0,70.0,61.0,
218.0,-1.0,84.0,103.0,
-44.0,34.0,67.0,60.0,
-80.0,6.0,75.0,66.0,
115.0,6.0,85.0,82.0,
-50.0,6.0,82.0,68.0,
-19.0,-8.0,65.0,71.0,
58.0,-8.0,80.0,58.0,
100.0,12.0,55.0,73.0,
41.0,15.0,80.0,73.0,
60.0,20.0,64.0,67.0,
-83.0,7.0,86.0,71.0,
119.0,9.0,70.0,76.0,
19.0,5.0,63.0,77.0,
-93.0,19.0,71.0,90.0,
-91.0,2.0,72.0,67.0,
46.0,1.0,71.0,61.0,
-126.0,25.0,72.0,64.0,
21.0,-7.0,77.0,54.0,
-52.0,5.0,59.0,74.0,
-54.0,1.0,67.0,81.0,
121.0,-4.0,70.0,69.0,
106.0,-1.0,75.0,86.0,
118.0,-15.0,69.0,60.0,
-131.0,28.0,70.0,77.0,
-85.0,-3.0,55.0,64.0,
12.0,8.0,31.0,74.0,
23.0,18.0,99.0,59.0,
88.0,4.0,48.0,80.0,
219.0,5.0,66.0,57.0,
106.0,16.0,58.0,59.0,
-93.0,21.0,46.0,75.0,
349.0,7.0,69.0,70.0,
-79.0,8.0,96.0,67.0,
-253.0,24.0,69.0,55.0,
113.0,-5.0,71.0,83.0,
-82.0,13.0,52.0,69.0,
-84.0,-3.0,82.0,66.0,
59.0,12.0,69.0,51.0,
4.0,28.0,61.0,69.0,
163.0,23.0,59.0,66.0,
-25.0,4.0,65.0,66.0,
259.0,-3.0,72.0,76.0,
63.0,-2.0,66.0,75.0,
-158.0,-11.0,91.0,65.0,
88.0,-7.0,48.0,58.0,
-83.0,10.0,66.0,71.0,
-111.0,-6.0,78.0,72.0,
58.0,2.0,88.0,53.0,
41.0,-2.0,69.0,66.0,
-122.0,-24.0,75.0,89.0,
32.0,0.0,78.0,69.0,
-25.0,-5.0,70.0,87.0,
-108.0,7.0,64.0,62.0,
-202.0,15.0,57.0,60.0,
166.0,-2.0,79.0,80.0,
95.0,-22.0,59.0,66.0,
10.0,19.0,65.0,79.0,
0.0,15.0,62.0,66.0,
-95.0,-6.0,69.0,61.0,
178.0,15.0,70.0,87.0,
171.0,0.0,97.0,66.0,
-67.0,9.0,67.0,86.0,
-128.0,21.0,67.0,77.0,
-108.0,14.0,50.0,91.0,
13.0,4.0,54.0,64.0,
-38.0,16.0,72.0,63.0,
145.0,6.0,47.0,75.0,
-20.0,3.0,72.0,70.0,
-100.0,3.0,70.0,60.0,
-181.0,11.0,75.0,88.0,
69.0,8.0,55.0,79.0,
13.0,3.0,46.0,70.0,
-19.0,-11.0,74.0,69.0,
57.0,-1.0,62.0,72.0,
-33.0,2.0,57.0,53.0,
107.0,0.0,65.0,79.0,
-51.0,5.0,80.0,74.0,
-63.0,-13.0,69.0,65.0,
54.0,21.0,56.0,69.0,
-94.0,21.0,74.0,60.0,
25.0,4.0,74.0,85.0,
61.0,1.0,74.0,52.0,
-211.0,2.0,70.0,77.0,
78.0,0.0,76.0,57.0,
47.0,10.0,91.0,68.0,
-31.0,19.0,36.0,60.0,
-34.0,11.0,52.0,71.0,
149.0,3.0,56.0,74.0,
55.0,-13.0,84.0,80.0,
-110.0,-5.0,69.0,64.0,
-69.0,-8.0,51.0,76.0,
-141.0,17.0,65.0,70.0,
64.0,-3.0,61.0,68.0,
-170.0,7.0,71.0,50.0,
-82.0,0.0,49.0,65.0,
139.0,-3.0,48.0,62.0,
-28.0,13.0,72.0,72.0,
39.0,-6.0,63.0,79.0,
100.0,-1.0,87.0,73.0,
143.0,9.0,63.0,94.0,
92.0,9.0,49.0,75.0,
-36.0,-5.0,58.0,72.0,
29.0,24.0,60.0,66.0,
10.0,8.0,53.0,84.0,
156.0,-3.0,48.0,70.0,
19.0,-5.0,77.0,67.0,
-95.0,-1.0,58.0,58.0,
-126.0,-11.0,82.0,67.0,
-82.0,-6.0,67.0,87.0,
16.0,-2.0,62.0,60.0,
73.0,14.0,58.0,75.0,
-153.0,14.0,67.0,71.0,
14.0,12.0,65.0,67.0,
-28.0,1.0,79.0,66.0,
103.0,15.0,71.0,75.0,
-101.0,12.0,64.0,75.0,
82.0,4.0,78.0,70.0,
18.0,8.0,73.0,98.0,
-114.0,-4.0,80.0,84.0,
-106.0,1.0,75.0,76.0,
-157.0,17.0,64.0,75.0,
-46.0,21.0,69.0,72.0,
-78.0,-8.0,68.0,68.0,
99.0,0.0,62.0,69.0,
8.0,-1.0,63.0,81.0,
128.0,5.0,67.0,77.0,
-294.0,19.0,70.0,61.0,
2.0,-14.0,62.0,69.0,
-19.0,17.0,53.0,70.0,
-219.0,-2.0,85.0,73.0,
78.0,27.0,83.0,60.0,
-87.0,1.0,57.0,44.0,
-22.0,-8.0,86.0,49.0,
38.0,4.0,61.0,73.0,
114.0,16.0,70.0,80.0,
-45.0,-13.0,71.0,76.0,
-57.0,6.0,85.0,68.0,
-32.0,-6.0,78.0,62.0,
30.0,2.0,66.0,67.0,
16.0,-2.0,86.0,66.0,
-39.0,1.0,49.0,65.0,
-86.0,-30.0,47.0,76.0,
-36.0,3.0,80.0,53.0,
-194.0,-11.0,52.0,75.0,
-9.0,0.0,63.0,79.0,
29.0,8.0,71.0,74.0,
32.0,7.0,73.0,68.0,
-27.0,4.0,66.0,55.0,
-1.0,16.0,65.0,66.0,
61.0,21.0,54.0,74.0,
188.0,16.0,65.0,70.0,
-7.0,-3.0,57.0,70.0,
80.0,13.0,75.0,73.0,
-68.0,11.0,58.0,77.0,
-24.0,6.0,63.0,78.0,
-24.0,16.0,60.0,84.0,
68.0,11.0,84.0,98.0,
-111.0,-10.0,61.0,82.0,
-117.0,12.0,73.0,85.0,
-342.0,-14.0,48.0,69.0,
42.0,-9.0,70.0,72.0,
-72.0,-17.0,55.0,70.0,
96.0,6.0,74.0,79.0,
-6.0,3.0,57.0,84.0,
-16.0,-8.0,80.0,69.0,
-22.0,21.0,74.0,63.0,
50.0,-7.0,63.0,77.0,
-30.0,-3.0,85.0,83.0,
20.0,0.0,57.0,61.0,
-15.0,4.0,67.0,73.0,
-100.0,25.0,71.0,82.0,
-143.0,-1.0,51.0,76.0,
91.0,-4.0,66.0,71.0,
-192.0,-14.0,60.0,64.0,
143.0,5.0,70.0,78.0,
-4.0,-2.0,64.0,78.0,
211.0,16.0,72.0,62.0,
70.0,10.0,48.0,72.0,
-54.0,-6.0,76.0,69.0,
68.0,5.0,63.0,64.0,
159.0,6.0,71.0,83.0,
148.0,1.0,79.0,82.0,
47.0,10.0,77.0,49.0,
-9.0,-12.0,74.0,71.0,
100.0,11.0,89.0,71.0,
-54.0,8.0,68.0,79.0,
192.0,6.0,72.0,64.0,
39.0,-5.0,63.0,68.0,
-65.0,11.0,69.0,40.0,
71.0,16.0,58.0,58.0,
14.0,12.0,76.0,57.0,
-137.0,13.0,60.0,83.0,
-67.0,4.0,59.0,78.0,
75.0,-9.0,73.0,60.0,
26.0,-4.0,82.0,61.0,
-71.0,3.0,61.0,74.0,
-12.0,9.0,71.0,59.0,
33.0,-19.0,66.0,74.0,
30.0,7.0,86.0,58.0,
3.0,3.0,77.0,84.0,
66.0,-7.0,57.0,47.0,
30.0,-2.0,58.0,57.0,
69.0,15.0,67.0,59.0,
0.0,7.0,44.0,59.0,
11.0,-4.0,72.0,63.0,
12.0,17.0,74.0,63.0,
-232.0,-5.0,46.0,72.0,
17.0,-8.0,50.0,76.0,
79.0,23.0,86.0,67.0,
39.0,-15.0,77.0,82.0,
-123.0,7.0,71.0,85.0,
112.0,16.0,53.0,59.0,
-61.0,-4.0,67.0,90.0,
51.0,10.0,65.0,53.0,
8.0,30.0,62.0,65.0,
158.0,11.0,62.0,72.0,
17.0,-27.0,76.0,78.0,
-35.0,-7.0,72.0,73.0,
124.0,0.0,57.0,90.0,
9.0,23.0,51.0,73.0,
116.0,6.0,64.0,65.0,
-130.0,-6.0,82.0,78.0,
-22.0,26.0,63.0,77.0,
-219.0,-5.0,57.0,79.0,
86.0,16.0,54.0,73.0,
-52.0,8.0,72.0,81.0,
-145.0,-3.0,63.0,60.0,
76.0,6.0,54.0,89.0,
-40.0,26.0,74.0,79.0,
132.0,0.0,70.0,76.0,
198.0,-5.0,82.0,75.0,
-55.0,0.0,73.0,74.0,
97.0,15.0,59.0,44.0,
146.0,-6.0,90.0,63.0,
205.0,3.0,54.0,84.0,
-246.0,6.0,85.0,76.0,
239.0,4.0,81.0,75.0,
115.0,0.0,93.0,48.0,
-1.0,14.0,70.0,72.0,
-44.0,2.0,39.0,64.0,
-84.0,-16.0,75.0,69.0,
-30.0,13.0,84.0,77.0,
171.0,17.0,67.0,69.0,
-71.0,14.0,67.0,77.0,
132.0,10.0,89.0,60.0,
52.0,-3.0,56.0,70.0,
183.0,12.0,81.0,65.0,
116.0,14.0,48.0,76.0,
5.0,17.0,58.0,31.0,
204.0,0.0,57.0,54.0,
9.0,0.0,69.0,60.0,
-88.0,9.0,82.0,56.0,
-40.0,2.0,52.0,43.0,
-85.0,2.0,61.0,65.0,
-199.0,7.0,75.0,67.0,
91.0,-11.0,81.0,80.0,
63.0,7.0,74.0,65.0,
-42.0,22.0,57.0,68.0,
-62.0,6.0,71.0,55.0,
-33.0,8.0,56.0,53.0,
51.0,11.0,56.0,80.0,
20.0,-5.0,68.0,63.0,
-126.0,-6.0,89.0,65.0,
-82.0,-5.0,81.0,74.0,
-35.0,-10.0,81.0,58.0,
23.0,24.0,85.0,50.0,
-181.0,1.0,66.0,74.0,
-45.0,-16.0,56.0,95.0,
55.0,-4.0,52.0,57.0,
-92.0,0.0,73.0,73.0,
32.0,-1.0,71.0,68.0,
-137.0,0.0,99.0,89.0,
-32.0,12.0,49.0,73.0,
56.0,1.0,62.0,68.0,
-38.0,4.0,65.0,67.0,
7.0,1.0,63.0,65.0,
142.0,0.0,55.0,79.0,
-80.0,-18.0,84.0,71.0,
-7.0,13.0,56.0,76.0,
-44.0,-21.0,81.0,82.0,
62.0,-10.0,36.0,83.0,
103.0,10.0,68.0,76.0,
13.0,-8.0,88.0,49.0,
296.0,-3.0,68.0,59.0,
-111.0,-1.0,46.0,68.0,
26.0,-10.0,62.0,68.0,
-120.0,-6.0,65.0,62.0,
-38.0,-8.0,51.0,70.0,
-118.0,19.0,65.0,76.0,
14.0,-5.0,81.0,76.0,
-151.0,7.0,61.0,79.0,
83.0,17.0,55.0,77.0,
8.0,15.0,66.0,69.0,
154.0,-12.0,73.0,81.0,
77.0,19.0,76.0,86.0,
-36.0,9.0,67.0,67.0,
-134.0,3.0,63.0,52.0,
45.0,22.0,73.0,60.0,
0.0,6.0,60.0,55.0,
22.0,-14.0,57.0,57.0,
133.0,-1.0,64.0,78.0,
2.0,13.0,63.0,70.0,
-93.0,0.0,60.0,70.0,
-5.0,-9.0,71.0,74.0,
-44.0,5.0,55.0,89.0,
-82.0,12.0,84.0,69.0,
11.0,10.0,79.0,84.0,
-67.0,20.0,69.0,79.0,
-86.0,-18.0,58.0,57.0,
-23.0,-6.0,64.0,60.0,
-139.0,23.0,56.0,50.0,
-234.0,-4.0,73.0,89.0,
87.0,13.0,66.0,82.0,
84.0,-10.0,82.0,80.0,
-77.0,15.0,78.0,74.0,
56.0,11.0,55.0,76.0,
-267.0,8.0,69.0,81.0,
-224.0,-1.0,70.0,77.0,
-2.0,-4.0,50.0,92.0,
-159.0,2.0,57.0,72.0,
-35.0,3.0,64.0,75.0,
61.0,4.0,67.0,73.0,
-3.0,10.0,81.0,54.0,
57.0,-9.0,94.0,84.0,
21.0,13.0,80.0,62.0,
96.0,11.0,57.0,63.0,
177.0,0.0,60.0,68.0,
64.0,6.0,59.0,68.0,
86.0,4.0,73.0,77.0,
185.0,7.0,59.0,85.0,
-27.0,-17.0,75.0,71.0,
81.0,2.0,61.0,66.0,
-54.0,19.0,59.0,70.0,
41.0,11.0,67.0,72.0,
11.0,-8.0,56.0,42.0,
-28.0,14.0,62.0,64.0,
-36.0,-14.0,62.0,59.0,
171.0,12.0,60.0,85.0,
-49.0,-23.0,70.0,92.0,
-1.0,5.0,65.0,85.0,
-84.0,0.0,67.0,69.0,
61.0,13.0,78.0,73.0,
46.0,3.0,72.0,66.0,
-160.0,2.0,47.0,71.0,
61.0,-2.0,71.0,90.0,
-139.0,0.0,66.0,93.0,
-9.0,-3.0,36.0,72.0,
27.0,-2.0,78.0,59.0,
142.0,10.0,58.0,47.0,
72.0,7.0,62.0,56.0,
188.0,-7.0,63.0,53.0,
191.0,6.0,73.0,54.0,
-32.0,-1.0,56.0,75.0,
94.0,2.0,71.0,62.0,
-121.0,4.0,58.0,58.0,
192.0,4.0,69.0,79.0,
97.0,-1.0,61.0,75.0,
137.0,15.0,79.0,56.0,
230.0,-8.0,68.0,63.0,
99.0,13.0,60.0,75.0,
-61.0,26.0,71.0,80.0,
-140.0,25.0,63.0,64.0,
-26.0,11.0,68.0,65.0,
94.0,21.0,79.0,69.0,
-38.0,-13.0,81.0,73.0,
7.0,9.0,54.0,73.0,
-146.0,19.0,78.0,83.0,
-17.0,14.0,51.0,68.0,
-3.0,14.0,68.0,68.0,
-17.0,-3.0,55.0,51.0,
-63.0,23.0,74.0,64.0,
-115.0,20.0,89.0,72.0,
-43.0,0.0,62.0,63.0,
-36.0,5.0,71.0,59.0,
-59.0,13.0,63.0,71.0,
92.0,24.0,84.0,78.0,
-66.0,-1.0,54.0,66.0,
-35.0,-16.0,73.0,71.0,
3.0,7.0,53.0,65.0,
142.0,-1.0,77.0,60.0,
-24.0,4.0,71.0,64.0,
51.0,12.0,76.0,68.0,
-48.0,34.0,84.0,87.0,
-106.0,22.0,79.0,73.0,
7.0,18.0,72.0,72.0,
5.0,0.0,61.0,61.0,
-66.0,-2.0,75.0,58.0,
216.0,0.0,84.0,61.0,
-59.0,16.0,65.0,74.0,
61.0,12.0,72.0,78.0,
87.0,19.0,71.0,58.0,
-201.0,6.0,66.0,59.0,
124.0,14.0,66.0,66.0,
-15.0,-1.0,51.0,96.0,
-127.0,-8.0,73.0,59.0,
-3.0,43.0,89.0,73.0,
92.0,16.0,58.0,78.0,
26.0,14.0,71.0,58.0,
-159.0,-6.0,75.0,85.0,
86.0,9.0,74.0,83.0,
60.0,13.0,69.0,78.0,
-18.0,-13.0,72.0,68.0,
-60.0,-9.0,46.0,71.0,
127.0,4.0,52.0,80.0,
-140.0,-12.0,63.0,72.0,
-123.0,23.0,81.0,57.0,
-352.0,24.0,54.0,56.0,
137.0,12.0,81.0,70.0,
-11.0,1.0,73.0,74.0,
-58.0,23.0,61.0,77.0,
173.0,-1.0,56.0,77.0,
-75.0,-9.0,70.0,79.0,
119.0,17.0,80.0,77.0,
-75.0,-7.0,61.0,89.0,
-121.0,5.0,57.0,80.0,
-161.0,12.0,56.0,73.0,
-74.0,-7.0,71.0,65.0,
114.0,0.0,61.0,60.0,
-23.0,1.0,59.0,77.0,
-129.0,-1.0,71.0,72.0,
-36.0,0.0,85.0,60.0,
93.0,-7.0,66.0,57.0,
-96.0,28.0,87.0,69.0,
70.0,6.0,90.0,82.0,
5.0,11.0,78.0,68.0,
40.0,6.0,77.0,63.0,
-160.0,-5.0,54.0,58.0,
5.0,-2.0,57.0,62.0,
35.0,6.0,66.0,73.0,
-226.0,-2.0,87.0,75.0,
-87.0,8.0,60.0,60.0,
-176.0,-16.0,72.0,76.0,
172.0,13.0,72.0,80.0,
-214.0,14.0,64.0,76.0,
-25.0,15.0,69.0,64.0,
16.0,13.0,56.0,61.0,
60.0,0.0,77.0,80.0,
276.0,-2.0,56.0,88.0,
-41.0,1.0,72.0,65.0,
29.0,-10.0,69.0,57.0,
-118.0,8.0,81.0,57.0,
-42.0,3.0,64.0,82.0,
-198.0,7.0,55.0,64.0,
-95.0,11.0,61.0,66.0,
-40.0,1.0,62.0,80.0,
-136.0,8.0,72.0,87.0,
60.0,-8.0,32.0,59.0,
54.0,-12.0,69.0,61.0,
6.0,3.0,68.0,63.0,
45.0,-2.0,54.0,62.0,
-49.0,9.0,70.0,54.0,
-125.0,0.0,59.0,58.0,
249.0,4.0,66.0,62.0,
165.0,14.0,62.0,70.0,
49.0,-4.0,70.0,69.0,
135.0,11.0,56.0,60.0,
-295.0,14.0,56.0,59.0,
-107.0,13.0,75.0,65.0,
-94.0,0.0,75.0,68.0,
-172.0,8.0,81.0,62.0,
38.0,6.0,83.0,87.0,
19.0,12.0,75.0,48.0,
18.0,19.0,63.0,59.0,
111.0,-2.0,75.0,67.0,
129.0,-1.0,62.0,64.0,
-207.0,14.0,80.0,65.0,
-129.0,4.0,69.0,68.0,
68.0,3.0,54.0,71.0,
69.0,-1.0,78.0,78.0,
29.0,7.0,76.0,67.0,
-141.0,5.0,86.0,66.0,
-11.0,1.0,81.0,85.0,
-190.0,13.0,81.0,49.0,
29.0,7.0,59.0,76.0,
-66.0,10.0,65.0,86.0,
-95.0,-14.0,57.0,41.0,
0.0,1.0,71.0,78.0,
-125.0,0.0,59.0,64.0,
226.0,1.0,87.0,78.0,
4.0,6.0,70.0,73.0,
11.0,-9.0,54.0,72.0,
34.0,0.0,69.0,89.0,
321.0,18.0,56.0,79.0,
105.0,9.0,62.0,52.0,
153.0,-3.0,84.0,59.0,
13.0,2.0,55.0,67.0,
-115.0,20.0,70.0,71.0,
-77.0,10.0,60.0,67.0,
169.0,8.0,65.0,87.0,
-36.0,27.0,67.0,77.0,
178.0,8.0,65.0,95.0,
28.0,1.0,71.0,76.0,
-56.0,5.0,78.0,74.0,
172.0,6.0,70.0,87.0,
-103.0,3.0,60.0,70.0,
-51.0,0.0,59.0,52.0,
-68.0,18.0,53.0,73.0,
-227.0,22.0,82.0,72.0,
-144.0,4.0,58.0,60.0,
39.0,18.0,76.0,70.0,
53.0,4.0,81.0,58.0,
-48.0,-24.0,61.0,64.0,
-108.0,-9.0,58.0,45.0,
46.0,-16.0,85.0,78.0,
74.0,17.0,67.0,81.0,
0.0,10.0,51.0,56.0,
-108.0,-11.0,68.0,72.0,
185.0,3.0,69.0,55.0,
-70.0,23.0,52.0,87.0,
132.0,-10.0,70.0,57.0,
38.0,-1.0,75.0,61.0,
193.0,2.0,48.0,84.0,
-29.0,14.0,52.0,67.0,
-203.0,0.0,64.0,56.0,
-32.0,12.0,71.0,80.0,
-21.0,3.0,81.0,60.0,
-42.0,3.0,59.0,62.0,
130.0,2.0,73.0,71.0,
-160.0,2.0,61.0,65.0,
-73.0,-7.0,74.0,93.0,
-95.0,9.0,57.0,58.0,
-47.0,11.0,64.0,66.0,
143.0,6.0,47.0,79.0,
-44.0,1.0,81.0,53.0,
79.0,8.0,81.0,66.0,
17.0,-10.0,59.0,66.0,
134.0,-5.0,71.0,61.0,
-112.0,11.0,63.0,67.0,
-178.0,17.0,54.0,63.0,
-56.0,3.0,59.0,59.0,
-51.0,6.0,48.0,55.0,
102.0,-3.0,73.0,77.0,
-96.0,5.0,64.0,78.0,
44.0,0.0,58.0,76.0,
130.0,-8.0,76.0,77.0,
-85.0,-2.0,62.0,53.0,
35.0,15.0,79.0,57.0,
-80.0,-8.0,78.0,61.0,
-171.0,28.0,78.0,66.0,
-5.0,-10.0,70.0,66.0,
-22.0,4.0,69.0,79.0,
-91.0,-2.0,56.0,59.0,
-260.0,-3.0,70.0,85.0,
177.0,17.0,43.0,81.0,
-22.0,-14.0,58.0,78.0,
-127.0,17.0,63.0,99.0,
-6.0,8.0,76.0,66.0,
26.0,-21.0,100.0,79.0,
